# Recording training statistics: Cumulative rewards (Dyna-Q and Dyna-Q+) vs time step:
# Time step | Cumulative reward: Dyna-Q | Cumulative reward: Dyna-Q+
0 0 0
1 0 0
2 0 0
3 0 0
4 0 0
5 0 0
6 0 0
7 0 0
8 0 0
9 0 0
10 0 0
11 0 0
12 0 0
13 0 0
14 0 0
15 0 0
16 0 0
17 0 0
18 0 0
19 0 0
20 0 0
21 0 0
22 0 0
23 0 0
24 0 0
25 0 0
26 0 0
27 0 0
28 0 0
29 0 0
30 0 0
31 0 0
32 0 0
33 0 0
34 0 0
35 0 0
36 0 0
37 0 0
38 0 0
39 0 0
40 0 0
41 0 0
42 0 0
43 0 0
44 0 0
45 0 0
46 0 0
47 0 0
48 0 0
49 0 0
50 0 0
51 0 0
52 0 0
53 0 0
54 0 0
55 0 0
56 0 0
57 0 0
58 0 0
59 0 0
60 0 0
61 0 0
62 0 0
63 0 0
64 0 0
65 0 0
66 0 0
67 0 0
68 0 0
69 0 0
70 0 0
71 0 0
72 0 0
73 0 0
74 0 0
75 0 0
76 0 0
77 0 0
78 0 0
79 0 0
80 0 0
81 0 0
82 0 0
83 0 0
84 0 0
85 0 0
86 0 0
87 0 0
88 0 0
89 0 0
90 0 0
91 0 0
92 0 0
93 0 0
94 0 0
95 0 0
96 0 0
97 0 0
98 0 0
99 0 0
100 0 0
101 0 0
102 0 0
103 0 0
104 0 0
105 0 0
106 0 0
107 0 0
108 0 0
109 0 0
110 0 0
111 0 0
112 0 0
113 0 0
114 0 0
115 0 0
116 0 0
117 0 0
118 0 0
119 0 0
120 0 0
121 0 0
122 0 0
123 0 0
124 0 0
125 0 0
126 0 0
127 0 0
128 0 0
129 0 0
130 0 0
131 0 0
132 0 0
133 0 0
134 0 0
135 0 0
136 0 0
137 0 0
138 0 0
139 0 0
140 0 0
141 0 0
142 0 0
143 0 0
144 0 0
145 0 0
146 0 0
147 0 0
148 0 0
149 0 0
150 0 0
151 0 0
152 0 0
153 0 0
154 0 0
155 0 0
156 0 0
157 0 0
158 0 0
159 0 0
160 0 0
161 0 0
162 0 0
163 0 0
164 0 0
165 0 0
166 0 0
167 0 0
168 0 0
169 0 0
170 0 0
171 0 0
172 0 0
173 0 0
174 0 0
175 0 0
176 0 0
177 0 0
178 0 0
179 0 0
180 0 0
181 0 0
182 0 0
183 0 0
184 0 0
185 0 0
186 0 0
187 0 0
188 0 0
189 0 0
190 0 0
191 0 0
192 0 0
193 0 0
194 0 0
195 0 0
196 0 0
197 0 0
198 0 0
199 0 0
200 0 0
201 0 0
202 0 0
203 0 0
204 0 0
205 0 0
206 0 0
207 0 0
208 0 0
209 0 0
210 0 0
211 0 0
212 0 0
213 0 0
214 0 0
215 0 0
216 0 0
217 0 0
218 0 0
219 0 0
220 0 0
221 0 0
222 0 0
223 0 0
224 0 0
225 0 0
226 0 0
227 0 0
228 0 0
229 0 0
230 0 0
231 0 0
232 0 0
233 0 0
234 0 0
235 0 0
236 0 0
237 0 0
238 0 0
239 0 0
240 0 0
241 0 0
242 0 0
243 0 0
244 0 0
245 0 0
246 0 0
247 0 0
248 0 0
249 0 0
250 0 0
251 0 0
252 0 0
253 0 0
254 0 0
255 0 0
256 0 0
257 0 0
258 0 0
259 0 0
260 0 0
261 0 0
262 0 0
263 0 0
264 0 0
265 0 0
266 0 0
267 0 0
268 0 0
269 0 0
270 0 0
271 0 0
272 0 0
273 0 0
274 0 0
275 0 0
276 0 0
277 0 0
278 0 0
279 0 0
280 0 0
281 0 0
282 0 0
283 0 0
284 0 0
285 0 0
286 0 0
287 0 0
288 0 0
289 0 0
290 0 0
291 0 0
292 0 0
293 0 0
294 0 0
295 0 0
296 0 0
297 0 0
298 0 0
299 0 0
300 0 0
301 0 0
302 0 0
303 0 0
304 0 0
305 0 0
306 0 0
307 0 0
308 0 0
309 0 0
310 0 0
311 0 0
312 0 0
313 0 0
314 0 0
315 0 0
316 0 0
317 0 0
318 0 0
319 0 0
320 0 0
321 0 0
322 0 0
323 0 0
324 0 0
325 0 0
326 0 0
327 0 0
328 0 0
329 0 0
330 0 0
331 0 0
332 0 0
333 0 0
334 0 0
335 0 0
336 0 0
337 0 0
338 0 0
339 0 0
340 0 0
341 0 0
342 0 0
343 0 0
344 0 0
345 0 0
346 0 0
347 0 0
348 0 0
349 0 0
350 0 0
351 0 0
352 0 0
353 0 0
354 0 0
355 0 0
356 0 0
357 0 0
358 0 0
359 0 0
360 0 0
361 0 0
362 0 0
363 0 0
364 0 0
365 0 0
366 0 0
367 0 0
368 0 0
369 0 0
370 0 0
371 0 0
372 0 0
373 0 0
374 0 0
375 0 0
376 0 0
377 0 0
378 0 0
379 0 0
380 0 0
381 0 0
382 0 0
383 0 0
384 0 0
385 0 0
386 0 0
387 0 0
388 0 0
389 0 0
390 0 0
391 0 0
392 0 0
393 0 0
394 0 0
395 0 0
396 0 0
397 0 0
398 0 0
399 0 0
400 0 0
401 0 0
402 0 0
403 0 0
404 0 0
405 0 0
406 0 0
407 0 0
408 0 0
409 0 0
410 0 0
411 0 0
412 0 0
413 0 0
414 0 0
415 0 0
416 0 0
417 0 0
418 0 0
419 0 0
420 0 0
421 0 0
422 0 0
423 0 0
424 0 0
425 0 0
426 0 0
427 0 0
428 0 0
429 0 0
430 0 0
431 0 0
432 0 0
433 0 0
434 0 0
435 0 0
436 0 0
437 0 0
438 0 0
439 0 0
440 0 0
441 0 0
442 0 0
443 0 0
444 0 0
445 0 0
446 0 0
447 0 0
448 0 0
449 0 0
450 0 0
451 0 0
452 0 0
453 0 0
454 0 0
455 0 0
456 0 0
457 0 0
458 0 0
459 0 0
460 0 0
461 0 0
462 0 0
463 0 0
464 0 0
465 0 0
466 0 0
467 0 0
468 0 0
469 0 0
470 0 0
471 0 0
472 0 0
473 0 0
474 0 0
475 0 0
476 0 0
477 0 0
478 0 0
479 0 0
480 0 0
481 0 0
482 0 0
483 0 0
484 0 0
485 0 0
486 0 0
487 0 0
488 0 0
489 0 0
490 0 0
491 0 0
492 0 0
493 0 0
494 0 0
495 0 0
496 0 0
497 0 0
498 0 0
499 0 0
500 0 0
501 0 0
502 0 0
503 0 0
504 0 0
505 0 0
506 0 0
507 0 0
508 0 0
509 0 0
510 0 0
511 0 0
512 0 0
513 0 0
514 0 0
515 0 0
516 0 0
517 0 0
518 0 0
519 0 0
520 0 0
521 0 0
522 0 0
523 0 0
524 0 0
525 0 0
526 0 0
527 0 0
528 0 0
529 0 0
530 0 0
531 0 0
532 0 0
533 0 0
534 0 0
535 0 0
536 0 0
537 0 0
538 0 0
539 0 0
540 0 0
541 0 0
542 0 0
543 0 0
544 0 0
545 0 0
546 0 0
547 0 0
548 0 0
549 0 0
550 0 0
551 0 0
552 0 0
553 0 0
554 0 0
555 0 0
556 0 0
557 0 0
558 0 0
559 0 0
560 0 0
561 0 0
562 0 0
563 0 0
564 0 0
565 0 0
566 0 0
567 0 0
568 0 0
569 0 0
570 0 0
571 0 0
572 0 0
573 0 0
574 0 0
575 0 0
576 0 0
577 0 0
578 0 0
579 0 0
580 0 0
581 0 0
582 0 0
583 0 0
584 0 0
585 0 0
586 0 0
587 0 0
588 0 0
589 0 0
590 0 0
591 0 0
592 0 0
593 0 0
594 0 0
595 0 0
596 0 0
597 0 0
598 0 0
599 0 0
600 0 0
601 0 0
602 0 0
603 0 0
604 0 0
605 0 0
606 0 0
607 0 0
608 0 0
609 0 0
610 0 0
611 0 0
612 0 0
613 0 0
614 0 0
615 0 0
616 0 0
617 0 0
618 0 0
619 0 0
620 0 0
621 0 0
622 0 0
623 0 0
624 0 0
625 0 0
626 0 0
627 0 0
628 0 0
629 0 0
630 0 0
631 0 0
632 0 0
633 0 0
634 0 0
635 0 0
636 0 0
637 0 0
638 0 0
639 0 0
640 0 0
641 0 0
642 0 0
643 1 0
644 1 0
645 1 0
646 1 0
647 1 0
648 1 0
649 1 0
650 1 0
651 1 0
652 1 0
653 1 0
654 1 0
655 1 0
656 1 0
657 1 0
658 1 0
659 1 0
660 1 0
661 1 0
662 1 0
663 1 0
664 1 0
665 1 0
666 1 0
667 1 0
668 1 0
669 1 0
670 1 0
671 1 0
672 1 0
673 1 0
674 1 0
675 1 0
676 1 0
677 2 0
678 2 0
679 2 0
680 2 0
681 2 0
682 2 0
683 2 0
684 2 0
685 2 0
686 2 0
687 2 0
688 2 0
689 2 0
690 2 0
691 2 0
692 2 0
693 2 0
694 2 0
695 2 0
696 2 0
697 2 0
698 2 0
699 2 0
700 2 0
701 2 0
702 2 0
703 2 0
704 2 0
705 3 0
706 3 0
707 3 0
708 3 0
709 3 0
710 3 0
711 3 0
712 3 0
713 3 0
714 3 0
715 3 0
716 3 0
717 3 0
718 3 0
719 3 0
720 3 0
721 3 0
722 3 0
723 3 0
724 3 0
725 3 0
726 3 0
727 4 0
728 4 0
729 4 0
730 4 0
731 4 0
732 4 0
733 4 0
734 4 0
735 4 0
736 4 0
737 4 0
738 4 0
739 4 0
740 4 0
741 4 0
742 4 0
743 4 0
744 4 0
745 5 0
746 5 0
747 5 0
748 5 0
749 5 0
750 5 0
751 5 0
752 5 0
753 5 0
754 5 0
755 5 0
756 5 0
757 5 0
758 5 0
759 5 0
760 5 0
761 5 0
762 5 0
763 5 0
764 5 0
765 5 0
766 5 0
767 6 0
768 6 0
769 6 0
770 6 0
771 6 0
772 6 0
773 6 0
774 6 0
775 6 0
776 6 0
777 6 0
778 6 0
779 6 0
780 6 0
781 6 0
782 6 0
783 6 0
784 6 0
785 7 0
786 7 0
787 7 0
788 7 0
789 7 0
790 7 0
791 7 0
792 7 0
793 7 0
794 7 0
795 7 0
796 7 0
797 7 0
798 7 0
799 7 0
800 7 0
801 7 0
802 7 0
803 8 0
804 8 0
805 8 0
806 8 0
807 8 0
808 8 0
809 8 0
810 8 0
811 8 0
812 8 0
813 8 0
814 8 0
815 8 0
816 8 0
817 8 0
818 8 0
819 8 0
820 8 0
821 8 0
822 8 0
823 8 0
824 8 0
825 8 0
826 8 0
827 8 0
828 8 0
829 8 0
830 8 0
831 9 0
832 9 0
833 9 0
834 9 0
835 9 0
836 9 0
837 9 0
838 9 0
839 9 0
840 9 0
841 9 0
842 9 0
843 9 0
844 9 0
845 9 0
846 9 0
847 9 0
848 9 0
849 9 0
850 9 0
851 9 0
852 9 0
853 9 0
854 9 0
855 10 0
856 10 0
857 10 0
858 10 0
859 10 0
860 10 0
861 10 0
862 10 0
863 10 0
864 10 0
865 10 0
866 10 0
867 10 0
868 10 0
869 10 0
870 10 0
871 10 0
872 10 0
873 10 0
874 10 0
875 10 0
876 10 0
877 10 0
878 10 0
879 11 0
880 11 0
881 11 0
882 11 0
883 11 0
884 11 0
885 11 0
886 11 0
887 11 0
888 11 0
889 11 0
890 11 0
891 11 0
892 11 0
893 11 0
894 11 0
895 11 0
896 11 0
897 11 0
898 11 0
899 11 0
900 11 0
901 11 0
902 11 0
903 11 0
904 11 0
905 12 0
906 12 0
907 12 0
908 12 0
909 12 0
910 12 0
911 12 0
912 12 0
913 12 0
914 12 0
915 12 0
916 12 0
917 12 0
918 12 0
919 12 0
920 12 0
921 12 0
922 12 0
923 13 0
924 13 0
925 13 0
926 13 0
927 13 0
928 13 0
929 13 0
930 13 0
931 13 0
932 13 0
933 13 0
934 13 0
935 13 0
936 13 0
937 13 0
938 13 0
939 13 0
940 13 0
941 13 0
942 13 0
943 14 0
944 14 0
945 14 0
946 14 0
947 14 0
948 14 0
949 14 0
950 14 0
951 14 0
952 14 0
953 14 0
954 14 0
955 14 0
956 14 0
957 14 0
958 14 0
959 14 0
960 14 0
961 14 0
962 14 0
963 15 0
964 15 0
965 15 0
966 15 0
967 15 0
968 15 0
969 15 0
970 15 0
971 15 0
972 15 0
973 15 0
974 15 0
975 15 0
976 15 0
977 15 0
978 15 0
979 15 0
980 15 0
981 15 0
982 15 0
983 16 0
984 16 0
985 16 0
986 16 0
987 16 0
988 16 0
989 16 0
990 16 0
991 16 0
992 16 0
993 16 0
994 16 0
995 16 0
996 16 0
997 16 0
998 16 0
999 16 0
1000 16 0
1001 16 0
1002 16 0
1003 16 0
1004 16 0
1005 17 0
1006 17 0
1007 17 0
1008 17 0
1009 17 0
1010 17 0
1011 17 0
1012 17 0
1013 17 0
1014 17 0
1015 17 0
1016 17 0
1017 17 0
1018 17 0
1019 17 0
1020 17 0
1021 17 0
1022 17 0
1023 17 1
1024 17 1
1025 18 1
1026 18 1
1027 18 1
1028 18 1
1029 18 1
1030 18 1
1031 18 1
1032 18 1
1033 18 1
1034 18 1
1035 18 1
1036 18 1
1037 18 1
1038 18 1
1039 18 1
1040 18 1
1041 18 1
1042 18 1
1043 19 1
1044 19 1
1045 19 1
1046 19 1
1047 19 1
1048 19 1
1049 19 1
1050 19 1
1051 19 1
1052 19 1
1053 19 1
1054 19 1
1055 19 1
1056 19 1
1057 19 1
1058 19 1
1059 19 1
1060 19 1
1061 19 1
1062 19 1
1063 19 1
1064 19 1
1065 19 1
1066 19 1
1067 19 1
1068 19 1
1069 19 1
1070 19 1
1071 20 1
1072 20 1
1073 20 1
1074 20 1
1075 20 1
1076 20 1
1077 20 1
1078 20 1
1079 20 1
1080 20 1
1081 20 1
1082 20 1
1083 20 1
1084 20 1
1085 20 1
1086 20 1
1087 20 1
1088 20 1
1089 21 1
1090 21 1
1091 21 1
1092 21 1
1093 21 1
1094 21 1
1095 21 1
1096 21 1
1097 21 1
1098 21 1
1099 21 1
1100 21 1
1101 21 1
1102 21 1
1103 21 1
1104 21 1
1105 21 1
1106 21 1
1107 21 1
1108 21 1
1109 22 1
1110 22 1
1111 22 1
1112 22 1
1113 22 1
1114 22 1
1115 22 1
1116 22 1
1117 22 1
1118 22 1
1119 22 2
1120 22 2
1121 22 2
1122 22 2
1123 22 2
1124 22 2
1125 23 2
1126 23 2
1127 23 2
1128 23 2
1129 23 2
1130 23 2
1131 23 2
1132 23 2
1133 23 2
1134 23 2
1135 23 2
1136 23 2
1137 23 2
1138 23 2
1139 23 2
1140 23 2
1141 23 2
1142 23 2
1143 24 2
1144 24 2
1145 24 2
1146 24 2
1147 24 2
1148 24 2
1149 24 2
1150 24 2
1151 24 2
1152 24 2
1153 24 2
1154 24 2
1155 24 2
1156 24 2
1157 24 2
1158 24 2
1159 25 2
1160 25 2
1161 25 2
1162 25 2
1163 25 2
1164 25 2
1165 25 2
1166 25 2
1167 25 2
1168 25 2
1169 25 2
1170 25 2
1171 25 2
1172 25 2
1173 25 2
1174 25 2
1175 26 2
1176 26 2
1177 26 2
1178 26 2
1179 26 2
1180 26 2
1181 26 2
1182 26 2
1183 26 2
1184 26 2
1185 26 2
1186 26 2
1187 26 2
1188 26 2
1189 26 2
1190 26 2
1191 26 2
1192 26 2
1193 27 2
1194 27 2
1195 27 2
1196 27 2
1197 27 2
1198 27 2
1199 27 2
1200 27 2
1201 27 2
1202 27 2
1203 27 2
1204 27 2
1205 27 2
1206 27 2
1207 27 2
1208 27 2
1209 27 2
1210 27 2
1211 27 2
1212 27 2
1213 28 2
1214 28 2
1215 28 2
1216 28 2
1217 28 2
1218 28 2
1219 28 2
1220 28 2
1221 28 3
1222 28 3
1223 28 3
1224 28 3
1225 28 3
1226 28 3
1227 28 3
1228 28 3
1229 29 3
1230 29 3
1231 29 3
1232 29 3
1233 29 3
1234 29 3
1235 29 3
1236 29 3
1237 29 3
1238 29 3
1239 29 3
1240 29 3
1241 29 3
1242 29 3
1243 29 3
1244 29 3
1245 30 3
1246 30 3
1247 30 3
1248 30 3
1249 30 3
1250 30 3
1251 30 3
1252 30 3
1253 30 3
1254 30 3
1255 30 4
1256 30 4
1257 30 4
1258 30 4
1259 30 4
1260 30 4
1261 30 4
1262 30 4
1263 31 4
1264 31 4
1265 31 4
1266 31 4
1267 31 4
1268 31 4
1269 31 4
1270 31 4
1271 31 4
1272 31 4
1273 31 4
1274 31 4
1275 31 4
1276 31 4
1277 31 4
1278 31 4
1279 32 4
1280 32 4
1281 32 4
1282 32 4
1283 32 4
1284 32 4
1285 32 4
1286 32 4
1287 32 4
1288 32 4
1289 32 4
1290 32 4
1291 32 4
1292 32 4
1293 32 4
1294 32 4
1295 32 4
1296 32 4
1297 33 4
1298 33 4
1299 33 4
1300 33 4
1301 33 4
1302 33 4
1303 33 4
1304 33 4
1305 33 4
1306 33 4
1307 33 4
1308 33 4
1309 33 4
1310 33 4
1311 33 4
1312 33 4
1313 33 4
1314 33 4
1315 34 4
1316 34 4
1317 34 4
1318 34 4
1319 34 4
1320 34 4
1321 34 4
1322 34 4
1323 34 4
1324 34 4
1325 34 4
1326 34 4
1327 34 5
1328 34 5
1329 34 5
1330 34 5
1331 35 5
1332 35 5
1333 35 5
1334 35 5
1335 35 5
1336 35 5
1337 35 5
1338 35 5
1339 35 5
1340 35 5
1341 35 5
1342 35 5
1343 35 5
1344 35 5
1345 35 5
1346 35 5
1347 36 5
1348 36 5
1349 36 6
1350 36 6
1351 36 6
1352 36 6
1353 36 6
1354 36 6
1355 36 6
1356 36 6
1357 36 6
1358 36 6
1359 36 6
1360 36 6
1361 36 6
1362 36 6
1363 36 6
1364 36 6
1365 36 6
1366 36 6
1367 37 6
1368 37 6
1369 37 6
1370 37 6
1371 37 6
1372 37 6
1373 37 6
1374 37 6
1375 37 6
1376 37 6
1377 37 6
1378 37 6
1379 37 6
1380 37 6
1381 37 6
1382 37 6
1383 37 6
1384 37 6
1385 37 6
1386 37 6
1387 38 6
1388 38 6
1389 38 6
1390 38 6
1391 38 6
1392 38 6
1393 38 6
1394 38 6
1395 38 7
1396 38 7
1397 38 7
1398 38 7
1399 38 7
1400 38 7
1401 38 7
1402 38 7
1403 38 7
1404 38 7
1405 39 7
1406 39 7
1407 39 7
1408 39 7
1409 39 7
1410 39 7
1411 39 7
1412 39 7
1413 39 7
1414 39 7
1415 39 8
1416 39 8
1417 39 8
1418 39 8
1419 39 8
1420 39 8
1421 39 8
1422 39 8
1423 40 8
1424 40 8
1425 40 8
1426 40 8
1427 40 8
1428 40 8
1429 40 8
1430 40 8
1431 40 8
1432 40 8
1433 40 8
1434 40 8
1435 40 8
1436 40 8
1437 40 9
1438 40 9
1439 41 9
1440 41 9
1441 41 9
1442 41 9
1443 41 9
1444 41 9
1445 41 9
1446 41 9
1447 41 9
1448 41 9
1449 41 9
1450 41 9
1451 41 9
1452 41 9
1453 41 9
1454 41 9
1455 41 9
1456 41 9
1457 42 9
1458 42 9
1459 42 9
1460 42 9
1461 42 9
1462 42 9
1463 42 9
1464 42 9
1465 42 10
1466 42 10
1467 42 10
1468 42 10
1469 42 10
1470 42 10
1471 42 10
1472 42 10
1473 43 10
1474 43 10
1475 43 10
1476 43 10
1477 43 10
1478 43 10
1479 43 10
1480 43 10
1481 43 10
1482 43 10
1483 43 10
1484 43 10
1485 43 10
1486 43 10
1487 43 10
1488 43 10
1489 44 11
1490 44 11
1491 44 11
1492 44 11
1493 44 11
1494 44 11
1495 44 11
1496 44 11
1497 44 11
1498 44 11
1499 44 11
1500 44 11
1501 44 11
1502 44 11
1503 44 11
1504 44 11
1505 44 11
1506 44 11
1507 45 11
1508 45 11
1509 45 11
1510 45 11
1511 45 11
1512 45 11
1513 45 11
1514 45 11
1515 45 11
1516 45 11
1517 45 11
1518 45 11
1519 45 11
1520 45 11
1521 45 11
1522 45 11
1523 45 12
1524 45 12
1525 46 12
1526 46 12
1527 46 12
1528 46 12
1529 46 12
1530 46 12
1531 46 12
1532 46 12
1533 46 12
1534 46 12
1535 46 12
1536 46 12
1537 46 12
1538 46 12
1539 46 12
1540 46 12
1541 47 12
1542 47 12
1543 47 12
1544 47 12
1545 47 12
1546 47 12
1547 47 12
1548 47 12
1549 47 12
1550 47 12
1551 47 12
1552 47 12
1553 47 12
1554 47 12
1555 47 12
1556 47 12
1557 48 12
1558 48 12
1559 48 12
1560 48 12
1561 48 13
1562 48 13
1563 48 13
1564 48 13
1565 48 13
1566 48 13
1567 48 13
1568 48 13
1569 48 13
1570 48 13
1571 48 13
1572 48 13
1573 49 13
1574 49 13
1575 49 13
1576 49 13
1577 49 13
1578 49 13
1579 49 13
1580 49 13
1581 49 13
1582 49 13
1583 49 13
1584 49 13
1585 49 13
1586 49 13
1587 49 13
1588 49 13
1589 50 14
1590 50 14
1591 50 14
1592 50 14
1593 50 14
1594 50 14
1595 50 14
1596 50 14
1597 50 14
1598 50 14
1599 50 14
1600 50 14
1601 50 14
1602 50 14
1603 50 14
1604 50 14
1605 51 14
1606 51 14
1607 51 14
1608 51 14
1609 51 14
1610 51 14
1611 51 14
1612 51 14
1613 51 14
1614 51 14
1615 51 14
1616 51 14
1617 51 14
1618 51 14
1619 51 14
1620 51 14
1621 51 14
1622 51 14
1623 52 15
1624 52 15
1625 52 15
1626 52 15
1627 52 15
1628 52 15
1629 52 15
1630 52 15
1631 52 15
1632 52 15
1633 52 15
1634 52 15
1635 52 15
1636 52 15
1637 52 15
1638 52 15
1639 52 15
1640 52 15
1641 53 15
1642 53 15
1643 53 15
1644 53 15
1645 53 15
1646 53 15
1647 53 15
1648 53 15
1649 53 15
1650 53 15
1651 53 15
1652 53 15
1653 53 15
1654 53 15
1655 53 15
1656 53 15
1657 53 15
1658 53 15
1659 53 15
1660 53 15
1661 54 15
1662 54 15
1663 54 15
1664 54 15
1665 54 16
1666 54 16
1667 54 16
1668 54 16
1669 54 16
1670 54 16
1671 54 16
1672 54 16
1673 54 16
1674 54 16
1675 54 16
1676 54 16
1677 54 16
1678 54 16
1679 54 16
1680 54 16
1681 55 16
1682 55 16
1683 55 16
1684 55 16
1685 55 16
1686 55 16
1687 55 16
1688 55 16
1689 55 16
1690 55 16
1691 55 16
1692 55 16
1693 55 16
1694 55 16
1695 55 16
1696 55 16
1697 55 16
1698 55 16
1699 56 16
1700 56 16
1701 56 16
1702 56 16
1703 56 16
1704 56 16
1705 56 16
1706 56 16
1707 56 16
1708 56 16
1709 56 16
1710 56 16
1711 56 17
1712 56 17
1713 56 17
1714 56 17
1715 57 17
1716 57 17
1717 57 17
1718 57 17
1719 57 17
1720 57 17
1721 57 17
1722 57 17
1723 57 17
1724 57 17
1725 57 17
1726 57 17
1727 57 17
1728 57 17
1729 57 17
1730 57 17
1731 58 17
1732 58 17
1733 58 17
1734 58 17
1735 58 17
1736 58 17
1737 58 17
1738 58 17
1739 58 17
1740 58 17
1741 58 17
1742 58 17
1743 58 17
1744 58 17
1745 58 18
1746 58 18
1747 59 18
1748 59 18
1749 59 18
1750 59 18
1751 59 18
1752 59 18
1753 59 18
1754 59 18
1755 59 18
1756 59 18
1757 59 18
1758 59 18
1759 59 18
1760 59 18
1761 59 18
1762 59 18
1763 59 19
1764 59 19
1765 60 19
1766 60 19
1767 60 19
1768 60 19
1769 60 19
1770 60 19
1771 60 19
1772 60 19
1773 60 19
1774 60 19
1775 60 19
1776 60 19
1777 60 19
1778 60 19
1779 60 19
1780 60 19
1781 61 19
1782 61 19
1783 61 19
1784 61 19
1785 61 19
1786 61 19
1787 61 19
1788 61 19
1789 61 20
1790 61 20
1791 61 20
1792 61 20
1793 61 20
1794 61 20
1795 61 20
1796 61 20
1797 61 20
1798 61 20
1799 61 20
1800 61 20
1801 62 20
1802 62 20
1803 62 20
1804 62 20
1805 62 20
1806 62 20
1807 62 20
1808 62 20
1809 62 20
1810 62 20
1811 62 20
1812 62 20
1813 62 20
1814 62 20
1815 62 20
1816 62 20
1817 63 20
1818 63 20
1819 63 21
1820 63 21
1821 63 21
1822 63 21
1823 63 21
1824 63 21
1825 63 21
1826 63 21
1827 63 21
1828 63 21
1829 63 21
1830 63 21
1831 63 21
1832 63 21
1833 63 21
1834 63 21
1835 64 21
1836 64 21
1837 64 21
1838 64 21
1839 64 21
1840 64 21
1841 64 21
1842 64 21
1843 64 21
1844 64 21
1845 64 21
1846 64 21
1847 64 22
1848 64 22
1849 64 22
1850 64 22
1851 65 22
1852 65 22
1853 65 22
1854 65 22
1855 65 22
1856 65 22
1857 65 22
1858 65 22
1859 65 22
1860 65 22
1861 65 22
1862 65 22
1863 65 22
1864 65 22
1865 65 22
1866 65 22
1867 66 22
1868 66 22
1869 66 22
1870 66 22
1871 66 22
1872 66 22
1873 66 22
1874 66 22
1875 66 22
1876 66 22
1877 66 22
1878 66 22
1879 66 22
1880 66 22
1881 66 22
1882 66 22
1883 66 22
1884 66 22
1885 67 22
1886 67 22
1887 67 22
1888 67 22
1889 67 22
1890 67 22
1891 67 22
1892 67 22
1893 67 22
1894 67 22
1895 67 22
1896 67 22
1897 67 22
1898 67 22
1899 67 22
1900 67 22
1901 68 22
1902 68 22
1903 68 23
1904 68 23
1905 68 23
1906 68 23
1907 68 23
1908 68 23
1909 68 23
1910 68 23
1911 68 23
1912 68 23
1913 68 23
1914 68 23
1915 68 23
1916 68 23
1917 69 23
1918 69 23
1919 69 23
1920 69 23
1921 69 23
1922 69 23
1923 69 23
1924 69 23
1925 69 23
1926 69 23
1927 69 23
1928 69 23
1929 69 23
1930 69 23
1931 69 23
1932 69 23
1933 70 23
1934 70 23
1935 70 23
1936 70 23
1937 70 24
1938 70 24
1939 70 24
1940 70 24
1941 70 24
1942 70 24
1943 70 24
1944 70 24
1945 70 24
1946 70 24
1947 70 24
1948 70 24
1949 71 24
1950 71 24
1951 71 24
1952 71 24
1953 71 24
1954 71 24
1955 71 24
1956 71 24
1957 71 24
1958 71 24
1959 71 24
1960 71 24
1961 71 24
1962 71 24
1963 71 24
1964 71 24
1965 72 24
1966 72 24
1967 72 24
1968 72 24
1969 72 24
1970 72 24
1971 72 24
1972 72 24
1973 72 24
1974 72 24
1975 72 25
1976 72 25
1977 72 25
1978 72 25
1979 72 25
1980 72 25
1981 73 25
1982 73 25
1983 73 25
1984 73 25
1985 73 25
1986 73 25
1987 73 25
1988 73 25
1989 73 25
1990 73 25
1991 73 25
1992 73 25
1993 73 25
1994 73 25
1995 73 25
1996 73 25
1997 74 25
1998 74 25
1999 74 25
2000 74 25
2001 74 25
2002 74 25
2003 74 25
2004 74 25
2005 74 25
2006 74 25
2007 74 25
2008 74 25
2009 74 25
2010 74 25
2011 74 26
2012 74 26
2013 75 26
2014 75 26
2015 75 26
2016 75 26
2017 75 26
2018 75 26
2019 75 26
2020 75 26
2021 75 26
2022 75 26
2023 75 26
2024 75 26
2025 75 26
2026 75 26
2027 75 26
2028 75 26
2029 75 26
2030 75 26
2031 76 26
2032 76 26
2033 76 26
2034 76 26
2035 76 26
2036 76 26
2037 76 26
2038 76 26
2039 76 26
2040 76 26
2041 76 26
2042 76 26
2043 76 26
2044 76 26
2045 76 26
2046 76 26
2047 76 26
2048 76 26
2049 77 27
2050 77 27
2051 77 27
2052 77 27
2053 77 27
2054 77 27
2055 77 27
2056 77 27
2057 77 27
2058 77 27
2059 77 27
2060 77 27
2061 77 27
2062 77 27
2063 77 27
2064 77 27
2065 78 27
2066 78 27
2067 78 27
2068 78 27
2069 78 27
2070 78 27
2071 78 27
2072 78 27
2073 78 27
2074 78 27
2075 78 27
2076 78 27
2077 78 27
2078 78 27
2079 78 27
2080 78 27
2081 78 27
2082 78 27
2083 79 27
2084 79 27
2085 79 27
2086 79 27
2087 79 27
2088 79 27
2089 79 28
2090 79 28
2091 79 28
2092 79 28
2093 79 28
2094 79 28
2095 79 28
2096 79 28
2097 79 28
2098 79 28
2099 80 28
2100 80 28
2101 80 28
2102 80 28
2103 80 28
2104 80 28
2105 80 29
2106 80 29
2107 80 29
2108 80 29
2109 80 29
2110 80 29
2111 80 29
2112 80 29
2113 80 29
2114 80 29
2115 80 29
2116 80 29
2117 81 29
2118 81 29
2119 81 29
2120 81 29
2121 81 29
2122 81 29
2123 81 29
2124 81 29
2125 81 29
2126 81 29
2127 81 29
2128 81 29
2129 81 29
2130 81 29
2131 81 29
2132 81 29
2133 81 29
2134 81 29
2135 82 29
2136 82 29
2137 82 29
2138 82 29
2139 82 29
2140 82 29
2141 82 29
2142 82 29
2143 82 30
2144 82 30
2145 82 30
2146 82 30
2147 82 30
2148 82 30
2149 82 30
2150 82 30
2151 82 30
2152 82 30
2153 82 30
2154 82 30
2155 83 30
2156 83 30
2157 83 30
2158 83 30
2159 83 30
2160 83 30
2161 83 30
2162 83 30
2163 83 30
2164 83 30
2165 83 30
2166 83 30
2167 83 30
2168 83 30
2169 83 30
2170 83 30
2171 83 31
2172 83 31
2173 84 31
2174 84 31
2175 84 31
2176 84 31
2177 84 31
2178 84 31
2179 84 31
2180 84 31
2181 84 31
2182 84 31
2183 84 31
2184 84 31
2185 84 31
2186 84 31
2187 84 31
2188 84 31
2189 84 31
2190 84 31
2191 85 31
2192 85 31
2193 85 31
2194 85 31
2195 85 31
2196 85 31
2197 85 32
2198 85 32
2199 85 32
2200 85 32
2201 85 32
2202 85 32
2203 85 32
2204 85 32
2205 85 32
2206 85 32
2207 86 32
2208 86 32
2209 86 32
2210 86 32
2211 86 32
2212 86 32
2213 86 32
2214 86 32
2215 86 32
2216 86 32
2217 86 32
2218 86 32
2219 86 32
2220 86 32
2221 86 32
2222 86 32
2223 87 32
2224 87 32
2225 87 32
2226 87 32
2227 87 32
2228 87 32
2229 87 32
2230 87 32
2231 87 32
2232 87 32
2233 87 32
2234 87 32
2235 87 32
2236 87 32
2237 87 32
2238 87 32
2239 87 33
2240 87 33
2241 88 33
2242 88 33
2243 88 33
2244 88 33
2245 88 33
2246 88 33
2247 88 33
2248 88 33
2249 88 33
2250 88 33
2251 88 33
2252 88 33
2253 88 33
2254 88 33
2255 88 33
2256 88 33
2257 88 33
2258 88 33
2259 89 33
2260 89 33
2261 89 33
2262 89 33
2263 89 33
2264 89 33
2265 89 33
2266 89 33
2267 89 33
2268 89 33
2269 89 33
2270 89 33
2271 89 33
2272 89 33
2273 89 33
2274 89 33
2275 89 33
2276 89 33
2277 90 33
2278 90 33
2279 90 33
2280 90 33
2281 90 34
2282 90 34
2283 90 34
2284 90 34
2285 90 34
2286 90 34
2287 90 34
2288 90 34
2289 90 34
2290 90 34
2291 90 34
2292 90 34
2293 90 34
2294 90 34
2295 91 34
2296 91 34
2297 91 34
2298 91 34
2299 91 34
2300 91 34
2301 91 34
2302 91 34
2303 91 34
2304 91 34
2305 91 34
2306 91 34
2307 91 34
2308 91 34
2309 91 34
2310 91 34
2311 91 34
2312 91 34
2313 91 34
2314 91 34
2315 92 34
2316 92 34
2317 92 34
2318 92 34
2319 92 35
2320 92 35
2321 92 35
2322 92 35
2323 92 35
2324 92 35
2325 92 35
2326 92 35
2327 92 35
2328 92 35
2329 92 35
2330 92 35
2331 93 35
2332 93 35
2333 93 35
2334 93 35
2335 93 35
2336 93 35
2337 93 35
2338 93 35
2339 93 35
2340 93 35
2341 93 35
2342 93 35
2343 93 35
2344 93 35
2345 93 35
2346 93 35
2347 94 35
2348 94 35
2349 94 36
2350 94 36
2351 94 36
2352 94 36
2353 94 36
2354 94 36
2355 94 36
2356 94 36
2357 94 36
2358 94 36
2359 94 36
2360 94 36
2361 94 36
2362 94 36
2363 94 36
2364 94 36
2365 95 36
2366 95 36
2367 95 36
2368 95 36
2369 95 36
2370 95 36
2371 95 36
2372 95 36
2373 95 37
2374 95 37
2375 95 37
2376 95 37
2377 95 37
2378 95 37
2379 95 37
2380 95 37
2381 95 37
2382 95 37
2383 96 37
2384 96 37
2385 96 37
2386 96 37
2387 96 37
2388 96 37
2389 96 37
2390 96 37
2391 96 37
2392 96 37
2393 96 37
2394 96 37
2395 96 37
2396 96 37
2397 96 37
2398 96 37
2399 96 37
2400 96 37
2401 97 37
2402 97 37
2403 97 37
2404 97 37
2405 97 37
2406 97 37
2407 97 37
2408 97 37
2409 97 37
2410 97 37
2411 97 38
2412 97 38
2413 97 38
2414 97 38
2415 97 38
2416 97 38
2417 98 38
2418 98 38
2419 98 38
2420 98 38
2421 98 38
2422 98 38
2423 98 38
2424 98 38
2425 98 38
2426 98 38
2427 98 38
2428 98 38
2429 98 38
2430 98 38
2431 98 38
2432 98 38
2433 99 38
2434 99 38
2435 99 39
2436 99 39
2437 99 39
2438 99 39
2439 99 39
2440 99 39
2441 99 39
2442 99 39
2443 99 39
2444 99 39
2445 99 39
2446 99 39
2447 99 39
2448 99 39
2449 100 39
2450 100 39
2451 100 39
2452 100 39
2453 100 39
2454 100 39
2455 100 39
2456 100 39
2457 100 39
2458 100 39
2459 100 40
2460 100 40
2461 100 40
2462 100 40
2463 100 40
2464 100 40
2465 100 40
2466 100 40
2467 100 40
2468 100 40
2469 101 40
2470 101 40
2471 101 40
2472 101 40
2473 101 40
2474 101 40
2475 101 40
2476 101 40
2477 101 40
2478 101 40
2479 101 40
2480 101 40
2481 101 40
2482 101 40
2483 101 40
2484 101 40
2485 101 40
2486 101 40
2487 102 40
2488 102 40
2489 102 40
2490 102 40
2491 102 40
2492 102 40
2493 102 40
2494 102 40
2495 102 40
2496 102 40
2497 102 40
2498 102 40
2499 102 40
2500 102 40
2501 102 40
2502 102 40
2503 103 40
2504 103 40
2505 103 40
2506 103 40
2507 103 40
2508 103 40
2509 103 40
2510 103 40
2511 103 40
2512 103 40
2513 103 41
2514 103 41
2515 103 41
2516 103 41
2517 103 41
2518 103 41
2519 104 41
2520 104 41
2521 104 41
2522 104 41
2523 104 41
2524 104 41
2525 104 41
2526 104 41
2527 104 41
2528 104 41
2529 104 41
2530 104 41
2531 104 41
2532 104 41
2533 104 41
2534 104 41
2535 104 41
2536 104 41
2537 104 41
2538 104 41
2539 104 41
2540 104 41
2541 104 41
2542 104 41
2543 105 41
2544 105 41
2545 105 41
2546 105 41
2547 105 41
2548 105 41
2549 105 42
2550 105 42
2551 105 42
2552 105 42
2553 105 42
2554 105 42
2555 105 42
2556 105 42
2557 105 42
2558 105 42
2559 106 42
2560 106 42
2561 106 42
2562 106 42
2563 106 42
2564 106 42
2565 106 42
2566 106 42
2567 106 42
2568 106 42
2569 106 42
2570 106 42
2571 106 42
2572 106 42
2573 106 42
2574 106 42
2575 106 42
2576 106 42
2577 107 42
2578 107 42
2579 107 42
2580 107 42
2581 107 42
2582 107 42
2583 107 43
2584 107 43
2585 107 43
2586 107 43
2587 107 43
2588 107 43
2589 107 43
2590 107 43
2591 107 43
2592 107 43
2593 107 43
2594 107 43
2595 108 43
2596 108 43
2597 108 43
2598 108 43
2599 108 43
2600 108 43
2601 108 43
2602 108 43
2603 108 43
2604 108 43
2605 108 43
2606 108 43
2607 108 43
2608 108 43
2609 108 43
2610 108 43
2611 108 43
2612 108 43
2613 108 43
2614 108 43
2615 109 43
2616 109 43
2617 109 43
2618 109 43
2619 109 43
2620 109 43
2621 109 43
2622 109 43
2623 109 44
2624 109 44
2625 109 44
2626 109 44
2627 109 44
2628 109 44
2629 109 44
2630 109 44
2631 109 44
2632 109 44
2633 109 44
2634 109 44
2635 110 44
2636 110 44
2637 110 44
2638 110 44
2639 110 44
2640 110 44
2641 110 44
2642 110 44
2643 110 44
2644 110 44
2645 110 44
2646 110 44
2647 110 44
2648 110 44
2649 110 44
2650 110 44
2651 110 44
2652 110 44
2653 111 44
2654 111 44
2655 111 45
2656 111 45
2657 111 45
2658 111 45
2659 111 45
2660 111 45
2661 111 45
2662 111 45
2663 111 45
2664 111 45
2665 111 45
2666 111 45
2667 111 45
2668 111 45
2669 112 45
2670 112 45
2671 112 45
2672 112 45
2673 112 45
2674 112 45
2675 112 45
2676 112 45
2677 112 45
2678 112 45
2679 112 45
2680 112 45
2681 112 45
2682 112 45
2683 112 45
2684 112 45
2685 112 45
2686 112 45
2687 112 45
2688 112 45
2689 113 45
2690 113 45
2691 113 46
2692 113 46
2693 113 46
2694 113 46
2695 113 46
2696 113 46
2697 113 46
2698 113 46
2699 113 46
2700 113 46
2701 113 46
2702 113 46
2703 113 46
2704 113 46
2705 114 46
2706 114 46
2707 114 46
2708 114 46
2709 114 46
2710 114 46
2711 114 46
2712 114 46
2713 114 46
2714 114 46
2715 114 46
2716 114 46
2717 114 46
2718 114 46
2719 114 46
2720 114 46
2721 114 46
2722 114 46
2723 115 46
2724 115 46
2725 115 46
2726 115 46
2727 115 46
2728 115 46
2729 115 46
2730 115 46
2731 115 47
2732 115 47
2733 115 47
2734 115 47
2735 115 47
2736 115 47
2737 115 47
2738 115 47
2739 116 47
2740 116 47
2741 116 47
2742 116 47
2743 116 47
2744 116 47
2745 116 47
2746 116 47
2747 116 47
2748 116 47
2749 116 47
2750 116 47
2751 116 47
2752 116 47
2753 116 47
2754 116 47
2755 116 47
2756 116 47
2757 116 47
2758 116 47
2759 117 47
2760 117 47
2761 117 47
2762 117 47
2763 117 47
2764 117 47
2765 117 47
2766 117 47
2767 117 47
2768 117 47
2769 117 47
2770 117 47
2771 117 48
2772 117 48
2773 117 48
2774 117 48
2775 117 48
2776 117 48
2777 118 48
2778 118 48
2779 118 48
2780 118 48
2781 118 48
2782 118 48
2783 118 48
2784 118 48
2785 118 48
2786 118 48
2787 118 48
2788 118 48
2789 118 48
2790 118 48
2791 118 48
2792 118 48
2793 118 48
2794 118 48
2795 119 48
2796 119 48
2797 119 48
2798 119 48
2799 119 48
2800 119 48
2801 119 48
2802 119 48
2803 119 48
2804 119 48
2805 119 48
2806 119 48
2807 119 48
2808 119 48
2809 119 48
2810 119 48
2811 119 48
2812 119 48
2813 119 48
2814 119 48
2815 119 48
2816 119 48
2817 119 48
2818 119 48
2819 120 48
2820 120 48
2821 120 48
2822 120 48
2823 120 48
2824 120 48
2825 120 48
2826 120 48
2827 120 48
2828 120 48
2829 120 48
2830 120 48
2831 120 48
2832 120 48
2833 120 48
2834 120 48
2835 121 48
2836 121 48
2837 121 48
2838 121 48
2839 121 48
2840 121 48
2841 121 48
2842 121 48
2843 121 48
2844 121 48
2845 121 48
2846 121 48
2847 121 48
2848 121 48
2849 121 48
2850 121 48
2851 121 48
2852 121 48
2853 121 49
2854 121 49
2855 121 49
2856 121 49
2857 122 49
2858 122 49
2859 122 49
2860 122 49
2861 122 49
2862 122 49
2863 122 49
2864 122 49
2865 122 49
2866 122 49
2867 122 49
2868 122 49
2869 122 49
2870 122 49
2871 122 49
2872 122 49
2873 123 49
2874 123 49
2875 123 49
2876 123 49
2877 123 49
2878 123 49
2879 123 50
2880 123 50
2881 123 50
2882 123 50
2883 123 50
2884 123 50
2885 123 50
2886 123 50
2887 123 50
2888 123 50
2889 123 50
2890 123 50
2891 124 50
2892 124 50
2893 124 50
2894 124 50
2895 124 50
2896 124 50
2897 124 51
2898 124 51
2899 124 51
2900 124 51
2901 124 51
2902 124 51
2903 124 51
2904 124 51
2905 124 51
2906 124 51
2907 124 51
2908 124 51
2909 124 51
2910 124 51
2911 124 51
2912 124 51
2913 125 51
2914 125 51
2915 125 51
2916 125 51
2917 125 51
2918 125 51
2919 125 52
2920 125 52
2921 125 52
2922 125 52
2923 125 52
2924 125 52
2925 125 52
2926 125 52
2927 125 52
2928 125 52
2929 125 52
2930 125 52
2931 126 52
2932 126 52
2933 126 52
2934 126 52
2935 126 52
2936 126 52
2937 126 52
2938 126 52
2939 126 52
2940 126 52
2941 126 52
2942 126 52
2943 126 52
2944 126 52
2945 126 52
2946 126 52
2947 127 52
2948 127 52
2949 127 52
2950 127 52
2951 127 52
2952 127 52
2953 127 52
2954 127 52
2955 127 52
2956 127 52
2957 127 53
2958 127 53
2959 127 53
2960 127 53
2961 127 53
2962 127 53
2963 128 53
2964 128 53
2965 128 53
2966 128 53
2967 128 53
2968 128 53
2969 128 53
2970 128 53
2971 128 53
2972 128 53
2973 128 54
2974 128 54
2975 128 54
2976 128 54
2977 128 54
2978 128 54
2979 128 54
2980 128 54
2981 129 54
2982 129 54
2983 129 54
2984 129 54
2985 129 54
2986 129 54
2987 129 54
2988 129 54
2989 129 54
2990 129 54
2991 129 54
2992 129 54
2993 129 54
2994 129 54
2995 129 54
2996 129 54
2997 129 54
2998 129 54
2999 129 54
3000 129 54
3001 130 54
3002 130 54
3003 130 54
3004 130 54
3005 130 54
3006 130 54
3007 130 54
3008 130 54
3009 130 54
3010 130 54
3011 130 54
3012 130 54
3013 130 54
3014 130 54
3015 130 54
3016 130 54
3017 130 54
3018 130 54
3019 131 54
3020 131 54
3021 131 54
3022 131 54
3023 131 54
3024 131 54
3025 131 54
3026 131 54
3027 131 55
3028 131 55
3029 131 55
3030 131 55
3031 131 55
3032 131 55
3033 131 55
3034 131 55
3035 132 55
3036 132 55
3037 132 55
3038 132 55
3039 132 55
3040 132 55
3041 132 55
3042 132 55
3043 132 55
3044 132 55
3045 132 55
3046 132 55
3047 132 55
3048 132 55
3049 132 55
3050 132 55
3051 132 55
3052 132 55
3053 132 55
3054 132 55
3055 132 55
3056 132 55
3057 133 55
3058 133 55
3059 133 55
3060 133 55
3061 133 55
3062 133 55
3063 133 55
3064 133 55
3065 133 55
3066 133 55
3067 133 55
3068 133 55
3069 133 55
3070 133 55
3071 133 55
3072 133 55
3073 133 56
3074 133 56
3075 134 56
3076 134 56
3077 134 56
3078 134 56
3079 134 56
3080 134 56
3081 134 56
3082 134 56
3083 134 56
3084 134 56
3085 134 56
3086 134 56
3087 134 56
3088 134 56
3089 134 56
3090 134 56
3091 134 56
3092 134 56
3093 135 56
3094 135 56
3095 135 56
3096 135 56
3097 135 56
3098 135 56
3099 135 56
3100 135 56
3101 135 56
3102 135 56
3103 135 56
3104 135 56
3105 135 56
3106 135 56
3107 135 56
3108 135 56
3109 135 57
3110 135 57
3111 136 57
3112 136 57
3113 136 57
3114 136 57
3115 136 57
3116 136 57
3117 136 57
3118 136 57
3119 136 57
3120 136 57
3121 136 57
3122 136 57
3123 136 57
3124 136 57
3125 136 57
3126 136 57
3127 136 57
3128 136 57
3129 137 57
3130 137 57
3131 137 57
3132 137 57
3133 137 57
3134 137 57
3135 137 57
3136 137 57
3137 137 58
3138 137 58
3139 137 58
3140 137 58
3141 137 58
3142 137 58
3143 137 58
3144 137 58
3145 138 58
3146 138 58
3147 138 58
3148 138 58
3149 138 58
3150 138 58
3151 138 58
3152 138 58
3153 138 58
3154 138 58
3155 138 58
3156 138 58
3157 138 58
3158 138 58
3159 138 58
3160 138 58
3161 139 58
3162 139 58
3163 139 58
3164 139 58
3165 139 58
3166 139 58
3167 139 58
3168 139 58
3169 139 58
3170 139 58
3171 139 59
3172 139 59
3173 139 59
3174 139 59
3175 139 59
3176 139 59
3177 139 59
3178 139 59
3179 140 59
3180 140 59
3181 140 59
3182 140 59
3183 140 59
3184 140 59
3185 140 59
3186 140 59
3187 140 59
3188 140 59
3189 140 59
3190 140 59
3191 140 59
3192 140 59
3193 140 59
3194 140 59
3195 141 59
3196 141 59
3197 141 59
3198 141 59
3199 141 59
3200 141 59
3201 141 59
3202 141 59
3203 141 59
3204 141 59
3205 141 59
3206 141 59
3207 141 59
3208 141 59
3209 141 59
3210 141 59
3211 141 59
3212 141 59
3213 141 59
3214 141 59
3215 142 59
3216 142 59
3217 142 59
3218 142 59
3219 142 59
3220 142 59
3221 142 59
3222 142 59
3223 142 59
3224 142 59
3225 142 59
3226 142 59
3227 142 59
3228 142 59
3229 142 59
3230 142 59
3231 142 59
3232 142 59
3233 143 59
3234 143 59
3235 143 60
3236 143 60
3237 143 60
3238 143 60
3239 143 60
3240 143 60
3241 143 60
3242 143 60
3243 143 60
3244 143 60
3245 143 60
3246 143 60
3247 143 60
3248 143 60
3249 143 60
3250 143 60
3251 144 60
3252 144 60
3253 144 60
3254 144 60
3255 144 60
3256 144 60
3257 144 60
3258 144 60
3259 144 60
3260 144 60
3261 144 60
3262 144 60
3263 144 61
3264 144 61
3265 144 61
3266 144 61
3267 145 61
3268 145 61
3269 145 61
3270 145 61
3271 145 61
3272 145 61
3273 145 61
3274 145 61
3275 145 61
3276 145 61
3277 145 61
3278 145 61
3279 145 61
3280 145 61
3281 145 61
3282 145 61
3283 145 61
3284 145 61
3285 146 61
3286 146 61
3287 146 61
3288 146 61
3289 146 62
3290 146 62
3291 146 62
3292 146 62
3293 146 62
3294 146 62
3295 146 62
3296 146 62
3297 146 62
3298 146 62
3299 146 62
3300 146 62
3301 147 62
3302 147 62
3303 147 62
3304 147 62
3305 147 62
3306 147 62
3307 147 62
3308 147 62
3309 147 62
3310 147 62
3311 147 62
3312 147 62
3313 147 62
3314 147 62
3315 147 62
3316 147 62
3317 147 62
3318 147 62
3319 147 62
3320 147 62
3321 148 62
3322 148 62
3323 148 62
3324 148 62
3325 148 62
3326 148 62
3327 148 62
3328 148 62
3329 148 62
3330 148 62
3331 148 62
3332 148 62
3333 148 62
3334 148 62
3335 148 62
3336 148 62
3337 149 62
3338 149 62
3339 149 62
3340 149 62
3341 149 62
3342 149 62
3343 149 62
3344 149 62
3345 149 62
3346 149 62
3347 149 62
3348 149 62
3349 149 62
3350 149 62
3351 149 62
3352 149 62
3353 150 62
3354 150 62
3355 150 62
3356 150 62
3357 150 62
3358 150 62
3359 150 62
3360 150 62
3361 150 62
3362 150 62
3363 150 62
3364 150 62
3365 150 63
3366 150 63
3367 150 63
3368 150 63
3369 150 63
3370 150 63
3371 151 63
3372 151 63
3373 151 63
3374 151 63
3375 151 63
3376 151 63
3377 151 63
3378 151 63
3379 151 63
3380 151 63
3381 151 63
3382 151 63
3383 151 63
3384 151 63
3385 151 63
3386 151 63
3387 151 63
3388 151 63
3389 151 63
3390 151 63
3391 151 64
3392 151 64
3393 152 64
3394 152 64
3395 152 64
3396 152 64
3397 152 64
3398 152 64
3399 152 64
3400 152 64
3401 152 64
3402 152 64
3403 152 64
3404 152 64
3405 152 64
3406 152 64
3407 152 64
3408 152 64
3409 153 64
3410 153 64
3411 153 64
3412 153 64
3413 153 64
3414 153 64
3415 153 64
3416 153 64
3417 153 64
3418 153 64
3419 153 64
3420 153 64
3421 153 64
3422 153 64
3423 153 64
3424 153 64
3425 154 64
3426 154 64
3427 154 64
3428 154 64
3429 154 64
3430 154 64
3431 154 64
3432 154 64
3433 154 64
3434 154 64
3435 154 64
3436 154 64
3437 154 64
3438 154 64
3439 154 64
3440 154 64
3441 154 64
3442 154 64
3443 154 64
3444 154 64
3445 154 64
3446 154 64
3447 154 64
3448 154 64
3449 154 64
3450 154 64
3451 154 64
3452 154 64
3453 154 65
3454 154 65
3455 155 65
3456 155 65
3457 155 65
3458 155 65
3459 155 65
3460 155 65
3461 155 65
3462 155 65
3463 155 65
3464 155 65
3465 155 65
3466 155 65
3467 155 65
3468 155 65
3469 155 65
3470 155 65
3471 155 65
3472 155 65
3473 156 66
3474 156 66
3475 156 66
3476 156 66
3477 156 66
3478 156 66
3479 156 66
3480 156 66
3481 156 66
3482 156 66
3483 156 66
3484 156 66
3485 156 66
3486 156 66
3487 156 66
3488 156 66
3489 157 66
3490 157 66
3491 157 66
3492 157 66
3493 157 66
3494 157 66
3495 157 66
3496 157 66
3497 157 66
3498 157 66
3499 157 66
3500 157 66
3501 157 66
3502 157 66
3503 157 66
3504 157 66
3505 158 66
3506 158 66
3507 158 66
3508 158 66
3509 158 66
3510 158 66
3511 158 66
3512 158 66
3513 158 67
3514 158 67
3515 158 67
3516 158 67
3517 158 67
3518 158 67
3519 158 67
3520 158 67
3521 158 67
3522 158 67
3523 159 67
3524 159 67
3525 159 67
3526 159 67
3527 159 67
3528 159 67
3529 159 67
3530 159 67
3531 159 67
3532 159 67
3533 159 67
3534 159 67
3535 159 67
3536 159 67
3537 159 67
3538 159 67
3539 160 67
3540 160 67
3541 160 67
3542 160 67
3543 160 67
3544 160 67
3545 160 67
3546 160 67
3547 160 67
3548 160 67
3549 160 67
3550 160 67
3551 160 67
3552 160 67
3553 160 67
3554 160 67
3555 160 67
3556 160 67
3557 161 67
3558 161 67
3559 161 67
3560 161 67
3561 161 67
3562 161 67
3563 161 67
3564 161 67
3565 161 67
3566 161 67
3567 161 67
3568 161 67
3569 161 67
3570 161 67
3571 161 67
3572 161 67
3573 161 67
3574 161 67
3575 162 67
3576 162 67
3577 162 67
3578 162 67
3579 162 67
3580 162 67
3581 162 68
3582 162 68
3583 162 68
3584 162 68
3585 162 68
3586 162 68
3587 162 68
3588 162 68
3589 162 68
3590 162 68
3591 162 68
3592 162 68
3593 163 68
3594 163 68
3595 163 68
3596 163 68
3597 163 68
3598 163 68
3599 163 68
3600 163 68
3601 163 68
3602 163 68
3603 163 68
3604 163 68
3605 163 69
3606 163 69
3607 163 69
3608 163 69
3609 164 69
3610 164 69
3611 164 69
3612 164 69
3613 164 69
3614 164 69
3615 164 69
3616 164 69
3617 164 69
3618 164 69
3619 164 69
3620 164 69
3621 164 69
3622 164 69
3623 164 69
3624 164 69
3625 164 69
3626 164 69
3627 165 69
3628 165 69
3629 165 69
3630 165 69
3631 165 69
3632 165 69
3633 165 69
3634 165 69
3635 165 69
3636 165 69
3637 165 69
3638 165 69
3639 165 69
3640 165 69
3641 165 69
3642 165 69
3643 165 69
3644 165 69
3645 166 70
3646 166 70
3647 166 70
3648 166 70
3649 166 70
3650 166 70
3651 166 70
3652 166 70
3653 166 70
3654 166 70
3655 166 70
3656 166 70
3657 166 70
3658 166 70
3659 166 70
3660 166 70
3661 166 70
3662 166 70
3663 167 70
3664 167 70
3665 167 70
3666 167 70
3667 167 70
3668 167 70
3669 167 70
3670 167 70
3671 167 70
3672 167 70
3673 167 70
3674 167 70
3675 167 70
3676 167 70
3677 167 70
3678 167 70
3679 168 71
3680 168 71
3681 168 71
3682 168 71
3683 168 71
3684 168 71
3685 168 71
3686 168 71
3687 168 71
3688 168 71
3689 168 71
3690 168 71
3691 168 71
3692 168 71
3693 168 71
3694 168 71
3695 169 71
3696 169 71
3697 169 71
3698 169 71
3699 169 71
3700 169 71
3701 169 71
3702 169 71
3703 169 71
3704 169 71
3705 169 71
3706 169 71
3707 169 71
3708 169 71
3709 169 72
3710 169 72
3711 169 72
3712 169 72
3713 169 72
3714 169 72
3715 169 72
3716 169 72
3717 170 72
3718 170 72
3719 170 72
3720 170 72
3721 170 72
3722 170 72
3723 170 72
3724 170 72
3725 170 72
3726 170 72
3727 170 72
3728 170 72
3729 170 73
3730 170 73
3731 170 73
3732 170 73
3733 170 73
3734 170 73
3735 171 73
3736 171 73
3737 171 73
3738 171 73
3739 171 73
3740 171 73
3741 171 73
3742 171 73
3743 171 73
3744 171 73
3745 171 73
3746 171 73
3747 171 73
3748 171 73
3749 171 73
3750 171 73
3751 171 73
3752 171 73
3753 172 73
3754 172 73
3755 172 73
3756 172 73
3757 172 74
3758 172 74
3759 172 74
3760 172 74
3761 172 74
3762 172 74
3763 172 74
3764 172 74
3765 172 74
3766 172 74
3767 172 74
3768 172 74
3769 173 74
3770 173 74
3771 173 74
3772 173 74
3773 173 74
3774 173 74
3775 173 74
3776 173 74
3777 173 74
3778 173 74
3779 173 74
3780 173 74
3781 173 74
3782 173 74
3783 173 74
3784 173 74
3785 173 74
3786 173 74
3787 173 74
3788 173 74
3789 173 74
3790 173 74
3791 174 74
3792 174 74
3793 174 74
3794 174 74
3795 174 74
3796 174 74
3797 174 75
3798 174 75
3799 174 75
3800 174 75
3801 174 75
3802 174 75
3803 174 75
3804 174 75
3805 174 75
3806 174 75
3807 174 75
3808 174 75
3809 174 75
3810 174 75
3811 175 75
3812 175 75
3813 175 75
3814 175 75
3815 175 75
3816 175 75
3817 175 75
3818 175 75
3819 175 75
3820 175 75
3821 175 75
3822 175 75
3823 175 75
3824 175 75
3825 175 75
3826 175 75
3827 175 75
3828 175 75
3829 176 75
3830 176 75
3831 176 75
3832 176 75
3833 176 75
3834 176 75
3835 176 75
3836 176 75
3837 176 75
3838 176 75
3839 176 75
3840 176 75
3841 176 75
3842 176 75
3843 176 75
3844 176 75
3845 177 75
3846 177 75
3847 177 75
3848 177 75
3849 177 75
3850 177 75
3851 177 75
3852 177 75
3853 177 75
3854 177 75
3855 177 76
3856 177 76
3857 177 76
3858 177 76
3859 177 76
3860 177 76
3861 177 76
3862 177 76
3863 177 76
3864 177 76
3865 177 76
3866 177 76
3867 178 76
3868 178 76
3869 178 76
3870 178 76
3871 178 76
3872 178 76
3873 178 76
3874 178 76
3875 178 76
3876 178 76
3877 178 76
3878 178 76
3879 178 76
3880 178 76
3881 178 76
3882 178 76
3883 178 76
3884 178 76
3885 179 76
3886 179 76
3887 179 76
3888 179 76
3889 179 76
3890 179 76
3891 179 77
3892 179 77
3893 179 77
3894 179 77
3895 179 77
3896 179 77
3897 179 77
3898 179 77
3899 179 77
3900 179 77
3901 179 77
3902 179 77
3903 180 77
3904 180 77
3905 180 77
3906 180 77
3907 180 77
3908 180 77
3909 180 77
3910 180 77
3911 180 77
3912 180 77
3913 180 77
3914 180 77
3915 180 77
3916 180 77
3917 180 77
3918 180 77
3919 181 77
3920 181 77
3921 181 77
3922 181 77
3923 181 77
3924 181 77
3925 181 77
3926 181 77
3927 181 77
3928 181 77
3929 181 77
3930 181 77
3931 181 77
3932 181 77
3933 181 77
3934 181 77
3935 182 77
3936 182 77
3937 182 77
3938 182 77
3939 182 77
3940 182 77
3941 182 77
3942 182 77
3943 182 77
3944 182 77
3945 182 77
3946 182 77
3947 182 77
3948 182 77
3949 182 77
3950 182 77
3951 182 77
3952 182 77
3953 183 77
3954 183 77
3955 183 77
3956 183 77
3957 183 77
3958 183 77
3959 183 77
3960 183 77
3961 183 77
3962 183 77
3963 183 77
3964 183 77
3965 183 77
3966 183 77
3967 183 77
3968 183 77
3969 184 77
3970 184 77
3971 184 77
3972 184 77
3973 184 77
3974 184 77
3975 184 77
3976 184 77
3977 184 77
3978 184 77
3979 184 77
3980 184 77
3981 184 77
3982 184 77
3983 184 77
3984 184 77
3985 184 77
3986 184 77
3987 184 77
3988 184 77
3989 185 77
3990 185 77
3991 185 77
3992 185 77
3993 185 77
3994 185 77
3995 185 77
3996 185 77
3997 185 78
3998 185 78
3999 185 78
4000 185 78
4001 185 78
4002 185 78
4003 185 78
4004 185 78
4005 185 78
4006 185 78
4007 185 78
4008 185 78
4009 185 78
4010 185 78
4011 185 78
4012 185 78
4013 185 78
4014 185 78
4015 186 78
4016 186 78
4017 186 78
4018 186 78
4019 186 79
4020 186 79
4021 186 79
4022 186 79
4023 186 79
4024 186 79
4025 186 79
4026 186 79
4027 186 79
4028 186 79
4029 186 79
4030 186 79
4031 187 79
4032 187 79
4033 187 79
4034 187 79
4035 187 79
4036 187 79
4037 187 79
4038 187 79
4039 187 79
4040 187 79
4041 187 79
4042 187 79
4043 187 79
4044 187 79
4045 187 79
4046 187 79
4047 187 79
4048 187 79
4049 188 79
4050 188 79
4051 188 79
4052 188 79
4053 188 79
4054 188 79
4055 188 79
4056 188 79
4057 188 79
4058 188 79
4059 188 79
4060 188 79
4061 188 79
4062 188 79
4063 188 79
4064 188 79
4065 188 79
4066 188 79
4067 189 79
4068 189 79
4069 189 79
4070 189 79
4071 189 80
4072 189 80
4073 189 80
4074 189 80
4075 189 80
4076 189 80
4077 189 80
4078 189 80
4079 189 80
4080 189 80
4081 189 80
4082 189 80
4083 190 80
4084 190 80
4085 190 80
4086 190 80
4087 190 80
4088 190 80
4089 190 80
4090 190 80
4091 190 80
4092 190 80
4093 190 80
4094 190 80
4095 190 80
4096 190 80
4097 190 80
4098 190 80
4099 190 80
4100 190 80
4101 191 80
4102 191 80
4103 191 80
4104 191 80
4105 191 80
4106 191 80
4107 191 80
4108 191 80
4109 191 81
4110 191 81
4111 191 81
4112 191 81
4113 191 81
4114 191 81
4115 191 81
4116 191 81
4117 192 81
4118 192 81
4119 192 81
4120 192 81
4121 192 81
4122 192 81
4123 192 81
4124 192 81
4125 192 81
4126 192 81
4127 192 81
4128 192 81
4129 192 81
4130 192 81
4131 192 81
4132 192 81
4133 192 81
4134 192 81
4135 193 81
4136 193 81
4137 193 81
4138 193 81
4139 193 81
4140 193 81
4141 193 81
4142 193 81
4143 193 81
4144 193 81
4145 193 81
4146 193 81
4147 193 81
4148 193 81
4149 193 81
4150 193 81
4151 193 81
4152 193 81
4153 194 82
4154 194 82
4155 194 82
4156 194 82
4157 194 82
4158 194 82
4159 194 82
4160 194 82
4161 194 82
4162 194 82
4163 194 82
4164 194 82
4165 194 82
4166 194 82
4167 194 82
4168 194 82
4169 194 82
4170 194 82
4171 194 82
4172 194 82
4173 195 82
4174 195 82
4175 195 82
4176 195 82
4177 195 82
4178 195 82
4179 195 82
4180 195 82
4181 195 82
4182 195 82
4183 195 82
4184 195 82
4185 195 82
4186 195 82
4187 195 82
4188 195 82
4189 196 83
4190 196 83
4191 196 83
4192 196 83
4193 196 83
4194 196 83
4195 196 83
4196 196 83
4197 196 83
4198 196 83
4199 196 83
4200 196 83
4201 196 83
4202 196 83
4203 196 83
4204 196 83
4205 196 83
4206 196 83
4207 197 83
4208 197 83
4209 197 83
4210 197 83
4211 197 83
4212 197 83
4213 197 83
4214 197 83
4215 197 83
4216 197 83
4217 197 83
4218 197 83
4219 197 83
4220 197 83
4221 197 83
4222 197 83
4223 198 83
4224 198 83
4225 198 83
4226 198 83
4227 198 83
4228 198 83
4229 198 83
4230 198 83
4231 198 83
4232 198 83
4233 198 83
4234 198 83
4235 198 83
4236 198 83
4237 198 84
4238 198 84
4239 198 84
4240 198 84
4241 198 84
4242 198 84
4243 198 84
4244 198 84
4245 198 84
4246 198 84
4247 199 84
4248 199 84
4249 199 84
4250 199 84
4251 199 84
4252 199 84
4253 199 84
4254 199 84
4255 199 84
4256 199 84
4257 199 84
4258 199 84
4259 199 84
4260 199 84
4261 199 84
4262 199 84
4263 199 84
4264 199 84
4265 199 84
4266 199 84
4267 200 84
4268 200 84
4269 200 84
4270 200 84
4271 200 84
4272 200 84
4273 200 84
4274 200 84
4275 200 84
4276 200 84
4277 200 84
4278 200 84
4279 200 84
4280 200 84
4281 200 84
4282 200 84
4283 200 84
4284 200 84
4285 200 84
4286 200 84
4287 200 84
4288 200 84
4289 201 84
4290 201 84
4291 201 84
4292 201 84
4293 201 84
4294 201 84
4295 201 84
4296 201 84
4297 201 84
4298 201 84
4299 201 84
4300 201 84
4301 201 85
4302 201 85
4303 201 85
4304 201 85
4305 201 85
4306 201 85
4307 201 85
4308 201 85
4309 201 85
4310 201 85
4311 202 85
4312 202 85
4313 202 85
4314 202 85
4315 202 85
4316 202 85
4317 202 85
4318 202 85
4319 202 85
4320 202 85
4321 202 85
4322 202 85
4323 202 85
4324 202 85
4325 202 85
4326 202 85
4327 202 85
4328 202 85
4329 202 85
4330 202 85
4331 202 85
4332 202 85
4333 203 85
4334 203 85
4335 203 85
4336 203 85
4337 203 86
4338 203 86
4339 203 86
4340 203 86
4341 203 86
4342 203 86
4343 203 86
4344 203 86
4345 203 86
4346 203 86
4347 203 86
4348 203 86
4349 203 86
4350 203 86
4351 204 86
4352 204 86
4353 204 86
4354 204 86
4355 204 86
4356 204 86
4357 204 86
4358 204 86
4359 204 86
4360 204 86
4361 204 87
4362 204 87
4363 204 87
4364 204 87
4365 204 87
4366 204 87
4367 205 87
4368 205 87
4369 205 87
4370 205 87
4371 205 87
4372 205 87
4373 205 87
4374 205 87
4375 205 87
4376 205 87
4377 205 87
4378 205 87
4379 205 87
4380 205 87
4381 205 87
4382 205 87
4383 206 87
4384 206 87
4385 206 87
4386 206 87
4387 206 87
4388 206 87
4389 206 87
4390 206 87
4391 206 88
4392 206 88
4393 206 88
4394 206 88
4395 206 88
4396 206 88
4397 206 88
4398 206 88
4399 207 88
4400 207 88
4401 207 88
4402 207 88
4403 207 88
4404 207 88
4405 207 88
4406 207 88
4407 207 88
4408 207 88
4409 207 88
4410 207 88
4411 207 88
4412 207 88
4413 207 88
4414 207 88
4415 207 88
4416 207 88
4417 208 88
4418 208 88
4419 208 88
4420 208 88
4421 208 89
4422 208 89
4423 208 89
4424 208 89
4425 208 89
4426 208 89
4427 208 89
4428 208 89
4429 208 89
4430 208 89
4431 208 89
4432 208 89
4433 208 89
4434 208 89
4435 209 89
4436 209 89
4437 209 89
4438 209 89
4439 209 89
4440 209 89
4441 209 89
4442 209 89
4443 209 89
4444 209 89
4445 209 89
4446 209 89
4447 209 89
4448 209 89
4449 209 89
4450 209 89
4451 209 89
4452 209 89
4453 209 89
4454 209 89
4455 209 90
4456 209 90
4457 209 90
4458 209 90
4459 209 90
4460 209 90
4461 210 90
4462 210 90
4463 210 90
4464 210 90
4465 210 90
4466 210 90
4467 210 90
4468 210 90
4469 210 90
4470 210 90
4471 210 90
4472 210 90
4473 210 90
4474 210 90
4475 210 90
4476 210 90
4477 210 90
4478 210 90
4479 211 90
4480 211 90
4481 211 90
4482 211 90
4483 211 90
4484 211 90
4485 211 90
4486 211 90
4487 211 90
4488 211 90
4489 211 90
4490 211 90
4491 211 90
4492 211 90
4493 211 91
4494 211 91
4495 211 91
4496 211 91
4497 211 91
4498 211 91
4499 212 91
4500 212 91
4501 212 91
4502 212 91
4503 212 91
4504 212 91
4505 212 91
4506 212 91
4507 212 91
4508 212 91
4509 212 91
4510 212 91
4511 212 91
4512 212 91
4513 212 91
4514 212 91
4515 212 91
4516 212 91
4517 213 91
4518 213 91
4519 213 91
4520 213 91
4521 213 91
4522 213 91
4523 213 91
4524 213 91
4525 213 91
4526 213 91
4527 213 91
4528 213 91
4529 213 91
4530 213 91
4531 213 91
4532 213 91
4533 213 91
4534 213 91
4535 214 91
4536 214 91
4537 214 91
4538 214 91
4539 214 91
4540 214 91
4541 214 91
4542 214 91
4543 214 91
4544 214 91
4545 214 91
4546 214 91
4547 214 91
4548 214 91
4549 214 92
4550 214 92
4551 215 92
4552 215 92
4553 215 92
4554 215 92
4555 215 92
4556 215 92
4557 215 92
4558 215 92
4559 215 92
4560 215 92
4561 215 92
4562 215 92
4563 215 92
4564 215 92
4565 215 92
4566 215 92
4567 215 92
4568 215 92
4569 216 92
4570 216 92
4571 216 92
4572 216 92
4573 216 92
4574 216 92
4575 216 92
4576 216 92
4577 216 92
4578 216 92
4579 216 92
4580 216 92
4581 216 92
4582 216 92
4583 216 92
4584 216 92
4585 217 92
4586 217 92
4587 217 92
4588 217 92
4589 217 92
4590 217 92
4591 217 92
4592 217 92
4593 217 92
4594 217 92
4595 217 92
4596 217 92
4597 217 93
4598 217 93
4599 217 93
4600 217 93
4601 218 93
4602 218 93
4603 218 93
4604 218 93
4605 218 93
4606 218 93
4607 218 93
4608 218 93
4609 218 93
4610 218 93
4611 218 93
4612 218 93
4613 218 93
4614 218 93
4615 218 93
4616 218 93
4617 218 93
4618 218 93
4619 219 93
4620 219 93
4621 219 94
4622 219 94
4623 219 94
4624 219 94
4625 219 94
4626 219 94
4627 219 94
4628 219 94
4629 219 94
4630 219 94
4631 219 94
4632 219 94
4633 219 94
4634 219 94
4635 220 94
4636 220 94
4637 220 94
4638 220 94
4639 220 94
4640 220 94
4641 220 94
4642 220 94
4643 220 94
4644 220 94
4645 220 94
4646 220 94
4647 220 94
4648 220 94
4649 220 94
4650 220 94
4651 220 94
4652 220 94
4653 220 94
4654 220 94
4655 221 95
4656 221 95
4657 221 95
4658 221 95
4659 221 95
4660 221 95
4661 221 95
4662 221 95
4663 221 95
4664 221 95
4665 221 95
4666 221 95
4667 221 95
4668 221 95
4669 221 95
4670 221 95
4671 221 95
4672 221 95
4673 222 95
4674 222 95
4675 222 95
4676 222 95
4677 222 95
4678 222 95
4679 222 95
4680 222 95
4681 222 95
4682 222 95
4683 222 95
4684 222 95
4685 222 95
4686 222 95
4687 222 95
4688 222 95
4689 222 96
4690 222 96
4691 222 96
4692 222 96
4693 222 96
4694 222 96
4695 222 96
4696 222 96
4697 223 96
4698 223 96
4699 223 96
4700 223 96
4701 223 96
4702 223 96
4703 223 96
4704 223 96
4705 223 96
4706 223 96
4707 223 96
4708 223 96
4709 223 96
4710 223 96
4711 223 96
4712 223 96
4713 224 96
4714 224 96
4715 224 96
4716 224 96
4717 224 96
4718 224 96
4719 224 96
4720 224 96
4721 224 96
4722 224 96
4723 224 96
4724 224 96
4725 224 96
4726 224 96
4727 224 96
4728 224 96
4729 224 96
4730 224 96
4731 225 96
4732 225 96
4733 225 96
4734 225 96
4735 225 97
4736 225 97
4737 225 97
4738 225 97
4739 225 97
4740 225 97
4741 225 97
4742 225 97
4743 225 97
4744 225 97
4745 225 97
4746 225 97
4747 226 97
4748 226 97
4749 226 97
4750 226 97
4751 226 97
4752 226 97
4753 226 97
4754 226 97
4755 226 97
4756 226 97
4757 226 97
4758 226 97
4759 226 97
4760 226 97
4761 226 97
4762 226 97
4763 226 97
4764 226 97
4765 227 97
4766 227 97
4767 227 97
4768 227 97
4769 227 97
4770 227 97
4771 227 97
4772 227 97
4773 227 97
4774 227 97
4775 227 97
4776 227 97
4777 227 97
4778 227 97
4779 227 97
4780 227 97
4781 227 97
4782 227 97
4783 227 97
4784 227 97
4785 228 98
4786 228 98
4787 228 98
4788 228 98
4789 228 98
4790 228 98
4791 228 98
4792 228 98
4793 228 98
4794 228 98
4795 228 98
4796 228 98
4797 228 98
4798 228 98
4799 228 98
4800 228 98
4801 228 98
4802 228 98
4803 229 98
4804 229 98
4805 229 98
4806 229 98
4807 229 98
4808 229 98
4809 229 98
4810 229 98
4811 229 98
4812 229 98
4813 229 98
4814 229 98
4815 229 98
4816 229 98
4817 229 98
4818 229 98
4819 230 98
4820 230 98
4821 230 98
4822 230 98
4823 230 98
4824 230 98
4825 230 98
4826 230 98
4827 230 99
4828 230 99
4829 230 99
4830 230 99
4831 230 99
4832 230 99
4833 230 99
4834 230 99
4835 230 99
4836 230 99
4837 231 99
4838 231 99
4839 231 99
4840 231 99
4841 231 99
4842 231 99
4843 231 99
4844 231 99
4845 231 99
4846 231 99
4847 231 99
4848 231 99
4849 231 99
4850 231 99
4851 231 99
4852 231 99
4853 232 99
4854 232 99
4855 232 99
4856 232 99
4857 232 99
4858 232 99
4859 232 99
4860 232 99
4861 232 99
4862 232 99
4863 232 99
4864 232 99
4865 232 100
4866 232 100
4867 232 100
4868 232 100
4869 232 100
4870 232 100
4871 232 100
4872 232 100
4873 233 100
4874 233 100
4875 233 100
4876 233 100
4877 233 100
4878 233 100
4879 233 100
4880 233 100
4881 233 100
4882 233 100
4883 233 100
4884 233 100
4885 233 100
4886 233 100
4887 233 100
4888 233 100
4889 233 100
4890 233 100
4891 233 100
4892 233 100
4893 234 100
4894 234 100
4895 234 100
4896 234 100
4897 234 100
4898 234 100
4899 234 100
4900 234 100
4901 234 100
4902 234 100
4903 234 100
4904 234 100
4905 234 100
4906 234 100
4907 234 100
4908 234 100
4909 235 100
4910 235 100
4911 235 100
4912 235 100
4913 235 100
4914 235 100
4915 235 100
4916 235 100
4917 235 100
4918 235 100
4919 235 100
4920 235 100
4921 235 100
4922 235 100
4923 235 100
4924 235 100
4925 235 100
4926 235 100
4927 236 101
4928 236 101
4929 236 101
4930 236 101
4931 236 101
4932 236 101
4933 236 101
4934 236 101
4935 236 101
4936 236 101
4937 236 101
4938 236 101
4939 236 101
4940 236 101
4941 236 101
4942 236 101
4943 237 101
4944 237 101
4945 237 101
4946 237 101
4947 237 101
4948 237 101
4949 237 101
4950 237 101
4951 237 101
4952 237 101
4953 237 101
4954 237 101
4955 237 101
4956 237 101
4957 237 101
4958 237 101
4959 237 101
4960 237 101
4961 238 101
4962 238 101
4963 238 102
4964 238 102
4965 238 102
4966 238 102
4967 238 102
4968 238 102
4969 238 102
4970 238 102
4971 238 102
4972 238 102
4973 238 102
4974 238 102
4975 238 102
4976 238 102
4977 239 102
4978 239 102
4979 239 102
4980 239 102
4981 239 102
4982 239 102
4983 239 102
4984 239 102
4985 239 102
4986 239 102
4987 239 102
4988 239 102
4989 239 102
4990 239 102
4991 239 102
4992 239 102
4993 240 102
4994 240 102
4995 240 102
4996 240 102
4997 240 102
4998 240 102
4999 240 103
5000 240 103
5001 240 103
5002 240 103
5003 240 103
5004 240 103
5005 240 103
5006 240 103
5007 240 103
5008 240 103
5009 241 103
5010 241 103
5011 241 103
5012 241 103
5013 241 103
5014 241 103
5015 241 103
5016 241 103
5017 241 103
5018 241 103
5019 241 103
5020 241 103
5021 241 103
5022 241 103
5023 241 103
5024 241 103
5025 241 103
5026 241 103
5027 241 103
5028 241 103
5029 242 103
5030 242 103
5031 242 103
5032 242 103
5033 242 103
5034 242 103
5035 242 104
5036 242 104
5037 242 104
5038 242 104
5039 242 104
5040 242 104
5041 242 104
5042 242 104
5043 242 104
5044 242 104
5045 242 104
5046 242 104
5047 243 104
5048 243 104
5049 243 104
5050 243 104
5051 243 104
5052 243 104
5053 243 104
5054 243 104
5055 243 104
5056 243 104
5057 243 104
5058 243 104
5059 243 105
5060 243 105
5061 243 105
5062 243 105
5063 243 105
5064 243 105
5065 244 105
5066 244 105
5067 244 105
5068 244 105
5069 244 105
5070 244 105
5071 244 105
5072 244 105
5073 244 105
5074 244 105
5075 244 105
5076 244 105
5077 244 105
5078 244 105
5079 244 105
5080 244 105
5081 244 105
5082 244 105
5083 244 105
5084 244 105
5085 244 105
5086 244 105
5087 245 105
5088 245 105
5089 245 105
5090 245 105
5091 245 105
5092 245 105
5093 245 105
5094 245 105
5095 245 105
5096 245 105
5097 245 105
5098 245 105
5099 245 105
5100 245 105
5101 245 105
5102 245 105
5103 245 106
5104 245 106
5105 245 106
5106 245 106
5107 245 106
5108 245 106
5109 246 106
5110 246 106
5111 246 106
5112 246 106
5113 246 106
5114 246 106
5115 246 106
5116 246 106
5117 246 106
5118 246 106
5119 246 106
5120 246 106
5121 246 106
5122 246 106
5123 246 106
5124 246 106
5125 246 106
5126 246 106
5127 247 106
5128 247 106
5129 247 106
5130 247 106
5131 247 106
5132 247 106
5133 247 106
5134 247 106
5135 247 107
5136 247 107
5137 247 107
5138 247 107
5139 247 107
5140 247 107
5141 247 107
5142 247 107
5143 247 107
5144 247 107
5145 247 107
5146 247 107
5147 248 107
5148 248 107
5149 248 107
5150 248 107
5151 248 107
5152 248 107
5153 248 107
5154 248 107
5155 248 107
5156 248 107
5157 248 107
5158 248 107
5159 248 107
5160 248 107
5161 248 107
5162 248 107
5163 248 107
5164 248 107
5165 248 108
5166 248 108
5167 249 108
5168 249 108
5169 249 108
5170 249 108
5171 249 108
5172 249 108
5173 249 108
5174 249 108
5175 249 108
5176 249 108
5177 249 108
5178 249 108
5179 249 108
5180 249 108
5181 249 108
5182 249 108
5183 249 108
5184 249 108
5185 250 108
5186 250 108
5187 250 108
5188 250 108
5189 250 108
5190 250 108
5191 250 108
5192 250 108
5193 250 108
5194 250 108
5195 250 108
5196 250 108
5197 250 108
5198 250 108
5199 250 109
5200 250 109
5201 251 109
5202 251 109
5203 251 109
5204 251 109
5205 251 109
5206 251 109
5207 251 109
5208 251 109
5209 251 109
5210 251 109
5211 251 109
5212 251 109
5213 251 109
5214 251 109
5215 251 109
5216 251 109
5217 252 109
5218 252 109
5219 252 109
5220 252 109
5221 252 109
5222 252 109
5223 252 109
5224 252 109
5225 252 109
5226 252 109
5227 252 109
5228 252 109
5229 252 109
5230 252 109
5231 252 109
5232 252 109
5233 252 110
5234 252 110
5235 253 110
5236 253 110
5237 253 110
5238 253 110
5239 253 110
5240 253 110
5241 253 110
5242 253 110
5243 253 110
5244 253 110
5245 253 110
5246 253 110
5247 253 110
5248 253 110
5249 253 110
5250 253 110
5251 253 110
5252 253 110
5253 254 110
5254 254 110
5255 254 110
5256 254 110
5257 254 110
5258 254 110
5259 254 110
5260 254 110
5261 254 111
5262 254 111
5263 254 111
5264 254 111
5265 254 111
5266 254 111
5267 254 111
5268 254 111
5269 254 111
5270 254 111
5271 254 111
5272 254 111
5273 254 111
5274 254 111
5275 255 111
5276 255 111
5277 255 111
5278 255 111
5279 255 111
5280 255 111
5281 255 111
5282 255 111
5283 255 111
5284 255 111
5285 255 111
5286 255 111
5287 255 111
5288 255 111
5289 255 111
5290 255 111
5291 255 111
5292 255 111
5293 255 111
5294 255 111
5295 255 111
5296 255 111
5297 255 111
5298 255 111
5299 256 111
5300 256 111
5301 256 111
5302 256 111
5303 256 112
5304 256 112
5305 256 112
5306 256 112
5307 256 112
5308 256 112
5309 256 112
5310 256 112
5311 256 112
5312 256 112
5313 256 112
5314 256 112
5315 256 112
5316 256 112
5317 257 112
5318 257 112
5319 257 112
5320 257 112
5321 257 112
5322 257 112
5323 257 112
5324 257 112
5325 257 112
5326 257 112
5327 257 112
5328 257 112
5329 257 112
5330 257 112
5331 257 112
5332 257 112
5333 258 112
5334 258 112
5335 258 112
5336 258 112
5337 258 113
5338 258 113
5339 258 113
5340 258 113
5341 258 113
5342 258 113
5343 258 113
5344 258 113
5345 258 113
5346 258 113
5347 258 113
5348 258 113
5349 258 113
5350 258 113
5351 258 113
5352 258 113
5353 258 113
5354 258 113
5355 258 113
5356 258 113
5357 259 113
5358 259 113
5359 259 113
5360 259 113
5361 259 113
5362 259 113
5363 259 113
5364 259 113
5365 259 113
5366 259 113
5367 259 113
5368 259 113
5369 259 113
5370 259 113
5371 259 113
5372 259 113
5373 259 113
5374 259 113
5375 259 113
5376 259 113
5377 260 113
5378 260 113
5379 260 113
5380 260 113
5381 260 113
5382 260 113
5383 260 113
5384 260 113
5385 260 113
5386 260 113
5387 260 113
5388 260 113
5389 260 113
5390 260 113
5391 260 113
5392 260 113
5393 261 113
5394 261 113
5395 261 113
5396 261 113
5397 261 114
5398 261 114
5399 261 114
5400 261 114
5401 261 114
5402 261 114
5403 261 114
5404 261 114
5405 261 114
5406 261 114
5407 261 114
5408 261 114
5409 261 114
5410 261 114
5411 262 114
5412 262 114
5413 262 114
5414 262 114
5415 262 114
5416 262 114
5417 262 114
5418 262 114
5419 262 114
5420 262 114
5421 262 114
5422 262 114
5423 262 114
5424 262 114
5425 262 114
5426 262 114
5427 263 114
5428 263 114
5429 263 114
5430 263 114
5431 263 114
5432 263 114
5433 263 114
5434 263 114
5435 263 114
5436 263 114
5437 263 115
5438 263 115
5439 263 115
5440 263 115
5441 263 115
5442 263 115
5443 263 115
5444 263 115
5445 264 115
5446 264 115
5447 264 115
5448 264 115
5449 264 115
5450 264 115
5451 264 115
5452 264 115
5453 264 115
5454 264 115
5455 264 115
5456 264 115
5457 264 115
5458 264 115
5459 264 115
5460 264 115
5461 265 115
5462 265 115
5463 265 115
5464 265 115
5465 265 115
5466 265 115
5467 265 115
5468 265 115
5469 265 115
5470 265 115
5471 265 115
5472 265 115
5473 265 116
5474 265 116
5475 265 116
5476 265 116
5477 265 116
5478 265 116
5479 265 116
5480 265 116
5481 266 116
5482 266 116
5483 266 116
5484 266 116
5485 266 116
5486 266 116
5487 266 116
5488 266 116
5489 266 116
5490 266 116
5491 266 116
5492 266 116
5493 266 116
5494 266 116
5495 266 116
5496 266 116
5497 267 116
5498 267 116
5499 267 116
5500 267 116
5501 267 116
5502 267 116
5503 267 116
5504 267 116
5505 267 116
5506 267 116
5507 267 116
5508 267 116
5509 267 116
5510 267 116
5511 267 116
5512 267 116
5513 267 116
5514 267 116
5515 267 116
5516 267 116
5517 268 116
5518 268 116
5519 268 116
5520 268 116
5521 268 116
5522 268 116
5523 268 116
5524 268 116
5525 268 116
5526 268 116
5527 268 116
5528 268 116
5529 268 116
5530 268 116
5531 268 116
5532 268 116
5533 269 116
5534 269 116
5535 269 116
5536 269 116
5537 269 116
5538 269 116
5539 269 116
5540 269 116
5541 269 116
5542 269 116
5543 269 116
5544 269 116
5545 269 116
5546 269 116
5547 269 116
5548 269 116
5549 270 116
5550 270 116
5551 270 116
5552 270 116
5553 270 116
5554 270 116
5555 270 117
5556 270 117
5557 270 117
5558 270 117
5559 270 117
5560 270 117
5561 270 117
5562 270 117
5563 270 117
5564 270 117
5565 271 117
5566 271 117
5567 271 117
5568 271 117
5569 271 117
5570 271 117
5571 271 117
5572 271 117
5573 271 117
5574 271 117
5575 271 117
5576 271 117
5577 271 117
5578 271 117
5579 271 117
5580 271 117
5581 272 117
5582 272 117
5583 272 117
5584 272 117
5585 272 117
5586 272 117
5587 272 117
5588 272 117
5589 272 117
5590 272 117
5591 272 117
5592 272 117
5593 272 118
5594 272 118
5595 272 118
5596 272 118
5597 272 118
5598 272 118
5599 273 118
5600 273 118
5601 273 118
5602 273 118
5603 273 118
5604 273 118
5605 273 118
5606 273 118
5607 273 118
5608 273 118
5609 273 118
5610 273 118
5611 273 118
5612 273 118
5613 273 118
5614 273 118
5615 274 118
5616 274 118
5617 274 118
5618 274 118
5619 274 118
5620 274 118
5621 274 118
5622 274 118
5623 274 118
5624 274 118
5625 274 118
5626 274 118
5627 274 118
5628 274 118
5629 274 118
5630 274 118
5631 275 119
5632 275 119
5633 275 119
5634 275 119
5635 275 119
5636 275 119
5637 275 119
5638 275 119
5639 275 119
5640 275 119
5641 275 119
5642 275 119
5643 275 119
5644 275 119
5645 275 119
5646 275 119
5647 275 119
5648 275 119
5649 276 119
5650 276 119
5651 276 119
5652 276 119
5653 276 120
5654 276 120
5655 276 120
5656 276 120
5657 276 120
5658 276 120
5659 276 120
5660 276 120
5661 276 120
5662 276 120
5663 276 120
5664 276 120
5665 276 120
5666 276 120
5667 276 120
5668 276 120
5669 276 120
5670 276 120
5671 277 120
5672 277 120
5673 277 120
5674 277 120
5675 277 120
5676 277 120
5677 277 120
5678 277 120
5679 277 120
5680 277 120
5681 277 120
5682 277 120
5683 277 120
5684 277 120
5685 277 120
5686 277 120
5687 278 120
5688 278 120
5689 278 120
5690 278 120
5691 278 120
5692 278 120
5693 278 121
5694 278 121
5695 278 121
5696 278 121
5697 278 121
5698 278 121
5699 278 121
5700 278 121
5701 278 121
5702 278 121
5703 279 121
5704 279 121
5705 279 121
5706 279 121
5707 279 121
5708 279 121
5709 279 121
5710 279 121
5711 279 121
5712 279 121
5713 279 121
5714 279 121
5715 279 121
5716 279 121
5717 279 121
5718 279 121
5719 279 121
5720 279 121
5721 280 122
5722 280 122
5723 280 122
5724 280 122
5725 280 122
5726 280 122
5727 280 122
5728 280 122
5729 280 122
5730 280 122
5731 280 122
5732 280 122
5733 280 122
5734 280 122
5735 280 122
5736 280 122
5737 281 122
5738 281 122
5739 281 122
5740 281 122
5741 281 122
5742 281 122
5743 281 122
5744 281 122
5745 281 122
5746 281 122
5747 281 122
5748 281 122
5749 281 122
5750 281 122
5751 281 122
5752 281 122
5753 281 122
5754 281 122
5755 282 122
5756 282 122
5757 282 122
5758 282 122
5759 282 122
5760 282 122
5761 282 123
5762 282 123
5763 282 123
5764 282 123
5765 282 123
5766 282 123
5767 282 123
5768 282 123
5769 282 123
5770 282 123
5771 283 123
5772 283 123
5773 283 123
5774 283 123
5775 283 123
5776 283 123
5777 283 123
5778 283 123
5779 283 123
5780 283 123
5781 283 123
5782 283 123
5783 283 123
5784 283 123
5785 283 123
5786 283 123
5787 283 123
5788 283 123
5789 283 123
5790 283 123
5791 284 124
5792 284 124
5793 284 124
5794 284 124
5795 284 124
5796 284 124
5797 284 124
5798 284 124
5799 284 124
5800 284 124
5801 284 124
5802 284 124
5803 284 124
5804 284 124
5805 284 124
5806 284 124
5807 284 124
5808 284 124
5809 284 124
5810 284 124
5811 285 124
5812 285 124
5813 285 124
5814 285 124
5815 285 124
5816 285 124
5817 285 124
5818 285 124
5819 285 124
5820 285 124
5821 285 124
5822 285 124
5823 285 124
5824 285 124
5825 285 124
5826 285 124
5827 285 124
5828 285 124
5829 285 124
5830 285 124
5831 285 125
5832 285 125
5833 286 125
5834 286 125
5835 286 125
5836 286 125
5837 286 125
5838 286 125
5839 286 125
5840 286 125
5841 286 125
5842 286 125
5843 286 125
5844 286 125
5845 286 125
5846 286 125
5847 286 125
5848 286 125
5849 286 125
5850 286 125
5851 287 125
5852 287 125
5853 287 125
5854 287 125
5855 287 125
5856 287 125
5857 287 125
5858 287 125
5859 287 125
5860 287 125
5861 287 125
5862 287 125
5863 287 126
5864 287 126
5865 287 126
5866 287 126
5867 288 126
5868 288 126
5869 288 126
5870 288 126
5871 288 126
5872 288 126
5873 288 126
5874 288 126
5875 288 126
5876 288 126
5877 288 126
5878 288 126
5879 288 126
5880 288 126
5881 288 126
5882 288 126
5883 289 126
5884 289 126
5885 289 126
5886 289 126
5887 289 126
5888 289 126
5889 289 126
5890 289 126
5891 289 126
5892 289 126
5893 289 126
5894 289 126
5895 289 126
5896 289 126
5897 289 127
5898 289 127
5899 290 127
5900 290 127
5901 290 127
5902 290 127
5903 290 127
5904 290 127
5905 290 127
5906 290 127
5907 290 127
5908 290 127
5909 290 127
5910 290 127
5911 290 127
5912 290 127
5913 290 127
5914 290 127
5915 291 127
5916 291 127
5917 291 127
5918 291 127
5919 291 127
5920 291 127
5921 291 127
5922 291 127
5923 291 128
5924 291 128
5925 291 128
5926 291 128
5927 291 128
5928 291 128
5929 291 128
5930 291 128
5931 291 128
5932 291 128
5933 291 128
5934 291 128
5935 291 128
5936 291 128
5937 291 128
5938 291 128
5939 292 128
5940 292 128
5941 292 128
5942 292 128
5943 292 128
5944 292 128
5945 292 128
5946 292 128
5947 292 128
5948 292 128
5949 292 128
5950 292 128
5951 292 128
5952 292 128
5953 292 128
5954 292 128
5955 293 128
5956 293 128
5957 293 128
5958 293 128
5959 293 128
5960 293 128
5961 293 128
5962 293 128
5963 293 129
5964 293 129
5965 293 129
5966 293 129
5967 293 129
5968 293 129
5969 293 129
5970 293 129
5971 293 129
5972 293 129
5973 293 129
5974 293 129
5975 293 129
5976 293 129
5977 294 129
5978 294 129
5979 294 129
5980 294 129
5981 294 129
5982 294 129
5983 294 129
5984 294 129
5985 294 129
5986 294 129
5987 294 129
5988 294 129
5989 294 130
5990 294 130
5991 294 130
5992 294 130
5993 294 130
5994 294 130
5995 295 130
5996 295 130
5997 295 130
5998 295 130
5999 295 130
